// Reference=MNI 
// Baumgartner,2011 
// Subjects=29 
8 24 56
12 18 66
-33 24 -15
-48 18 -15
10 39 15
3 54 27
-12 45 3
36 15 -12
42 21 3
33 30 0
48 18 -6
21 63 24
33 63 15
-21 54 30
-24 63 21
-39 -93 -6
-33 -99 -9

// Reference=MNI 
// Civai,2012 
// Subjects=19 
36 24 -8
-4 18 46
6 30 24
-38 14 4
-44 4 30

// Reference=MNI 
// Corradi,2013 
// Subjects=23 
0 58 8

// Reference=MNI 
// Guo, 2013
// Subjects=27 
-24 -68 26
10 22 26
18 -68 42
-6 -44 18
-30 24 6
32 28 4
6 12 28
16 18 10
-10 14 6
42 28 40
-36 40 38
-48 -40 4
-44 -24 8

// Reference=MNI 
// Haiko, 2009:
// Subjects=23 
11 -81 0
-7 32 35
49 35 32
42 21 -4
56 -67 35
28 63 11
-46 -70 -7
39 21 49
-39 -39 42
46 -63 -11
-42 -88 11
-56 -25 35

// Reference=MNI 
// Harle, 2012
// Subjects=38 
46 -58 37
33 55 34
40 13 -1
4 -90 -17
7 26 41
23 13 2
7 -87 47
17 -6 15
-5 6 63
-9 -104 -14
-44 -45 57
-34 19 -4

// Reference=MNI 
// Kirk, 2011
// Subjects=40 
32 20 -8
-44 24 -8
8 60 16
-8 60 20
8 28 24
-4 36 24
16 32 56
48 -28 -8
-52 -40 -4
60 -52 28
24 -76 -32

// Reference=MNI 
// Sanfey A
// Subjects=19 
-34 45 16
39 37 22
4 20 36
-8 25 26
33 24 34
-38 22 38
35 15 3
-33 14 -1
-3 -5 11
-41 -3 44
-40 -28 43
-3 -25 -2
30 -48 33
-30 -53 39
4 -74 5
-7 -71 -5
-3 -72 -20

// Reference=MNI 
// Tomasino, 2013:
// Subjects=17 
-56 -8 16
-38 -8 18
46 -6 16

// Reference=MNI 
// Vieira, 2013
// Subjects=17 
35 -51 65
15 -43 -2
-49 16 29
-4 43 60
44 -71 44
-4 43 60

// Reference=MNI 
// Wei, 2013
// Subjects=29 
33 15 -9
-48 9 12
6 27 57
-54 -48 45
54 -54 -54
6 48 -12
9 -33 60
